B10810	0	1981535
R3021	0	1890918
CC	0	1913616
22124	0	1916367
II	0	1958910
JJ	0	1959382
R2866	0	1933340
R393	0	2009930
86028NP	0	1914490
DD	0	1778129
22421	0	1843471
HH	0	1837347
BB	0	1849928
R1838	0	1829694
GG	0	1887192
NML20	0	1792119
EE	0	1813033
7P49H1	0	1827667
R2846	0	1824242
AA	0	1901442
3655	0	1878368
UC16	0	1865433
6P18H1	0	1912236
CZ412602	0	1767215
RdKW20	0	1830138
HhMO722	0	2151759
26222	0	1802155
Hh23221	0	1915217
Hh60P3H1	0	1772931
HhC2321	0	1836156
M19107	0	1915087
M19501	0	1884911
M21127	0	1945624
M21621	0	2089205
M21639	0	2328161
